xmm <-
structure(list(Category = structure(c(4L, 1L, 1L, 1L, 1L, 1L, 
1L, 1L, 1L, 1L, 3L, 3L, 3L, 2L, 2L, 2L, 1L, 2L, 5L, 5L, 1L, 3L, 
4L, 5L, 6L, 3L, 5L, 5L, 5L, 5L, 5L, 5L, 5L, 5L, 5L, 5L, 5L, 5L, 
5L, 5L, 5L, 5L, 5L, 5L, 5L, 5L, 5L, 5L, 4L, 4L, 4L, 4L, 4L, 4L, 
4L, 4L, 3L, 3L, 6L, 2L, 2L, 5L, 3L, 3L, 3L, 5L, 5L, 5L, 5L, 5L, 
5L, 5L, 5L, 5L, 5L, 2L, 6L, 6L, 6L, 6L, 6L, 6L, 6L, 6L, 6L, 6L, 
6L, 6L, 6L, 6L, 6L, 5L, 5L, 5L, 5L, 5L, 5L, 1L, 1L, 1L, 1L, 1L, 
2L, 2L, 1L, 1L, 1L, 1L, 1L, 1L, 1L, 1L, 1L, 1L, 1L, 1L, 1L, 1L, 
1L, 1L, 1L, 1L, 1L, 1L, 1L, 1L, 1L, 1L, 1L, 1L, 1L, 3L, 6L, 3L, 
6L, 1L, 2L, 5L, 5L, 5L, 5L, 5L, 5L, 5L, 5L, 5L, 5L, 5L, 5L, 5L, 
5L, 5L, 2L, 6L, 6L, 3L, 1L, 2L, 2L, 2L, 2L, 2L, 2L, 5L, 5L, 5L, 
5L, 5L, 5L, 5L, 5L, 5L, 5L, 5L, 5L, 5L, 5L, 5L, 5L, 5L, 5L, 5L, 
5L, 5L, 5L, 5L, 5L, 5L, 5L, 5L, 5L, 5L, 5L, 5L, 5L, 4L, 6L, 6L, 
6L, 6L, 6L, 6L, 1L, 2L, 5L, 5L, 5L, 5L, 5L, 5L, 5L, 5L, 5L, 5L, 
5L, 5L, 5L, 5L, 6L, 5L, 6L, 6L, 6L, 6L, 6L, 2L, 2L, 6L, 6L, 6L, 
6L, 6L, 6L, 6L, 2L, 2L, 5L, 5L, 5L, 5L, 6L, 5L, 2L, 2L, 2L, 2L, 
2L, 2L, 2L, 2L, 2L, 2L, 2L, 2L, 2L, 2L, 2L, 2L, 2L, 2L, 2L, 2L, 
2L, 2L, 2L, 2L, 2L, 2L, 5L, 4L, 6L, 3L, 5L, 5L, 3L, 1L, 2L, 1L, 
6L, 6L, 2L, 1L, 1L, 1L, 1L, 3L, 4L, 4L, 4L, 4L, 4L, 4L, 4L, 4L, 
4L, 4L, 5L, 5L, 5L, 7L, 7L, 7L, 7L, 7L, 7L, 7L, 7L, 7L, 6L, 3L, 
3L, 3L, 3L, 3L, 6L, 3L, 3L, 3L, 3L, 3L, 3L, 3L, 3L, 3L, 3L, 3L, 
3L, 4L, 2L, 3L, 3L, 3L, 6L, 5L, 5L, 5L, 5L, 5L, 2L, 2L, 2L, 2L, 
2L, 2L, 2L, 2L, 2L, 2L, 2L, 2L, 2L, 2L, 2L, 5L, 5L, 5L, 5L, 5L, 
5L, 5L, 5L, 5L, 5L, 5L, 5L, 5L, 5L, 3L, 2L, 2L, 2L, 2L, 3L, 3L, 
3L, 1L, 2L, 5L, 5L, 5L, 5L, 5L, 5L, 5L, 1L, 1L, 3L, 4L, 7L, 7L, 
7L, 7L, 7L, 7L, 7L, 7L, 7L, 7L, 7L, 7L, 7L, 7L, 7L, 7L, 7L, 7L, 
7L, 7L, 4L, 2L, 3L, 4L, 4L, 4L, 2L, 7L, 7L, 7L, 7L, 7L, 3L, 5L, 
5L, 5L, 2L, 2L, 2L, 6L, 6L, 6L, 6L, 6L, 2L, 4L, 4L, 4L, 2L, 2L, 
2L, 2L, 2L, 2L, 1L, 2L, 2L, 2L, 2L, 2L, 2L, 2L, 2L, 2L, 2L, 2L, 
2L, 2L, 2L, 2L, 2L, 6L, 6L, 5L, 5L, 5L, 5L, 5L, 5L, 5L, 5L, 3L, 
5L, 7L, 7L, 7L, 7L, 7L, 7L, 7L, 3L, 3L, 1L, 3L, 6L, 6L, 3L, 3L, 
1L, 1L, 1L, 5L, 5L, 5L, 5L, 2L, 2L, 2L, 2L, 2L, 2L, 2L, 2L, 2L, 
2L, 2L, 1L, 6L, 6L, 6L, 6L, 2L, 5L, 5L, 5L, 5L, 5L, 5L, 5L, 5L, 
5L, 5L, 5L, 5L, 5L, 5L, 5L, 5L, 5L, 5L, 5L, 5L, 5L, 5L, 5L, 5L, 
5L, 5L, 5L, 5L, 5L, 5L, 5L, 5L, 5L, 5L, 5L, 5L, 5L, 5L, 5L, 5L, 
5L, 5L, 5L, 5L, 5L, 5L, 5L, 5L, 5L, 5L, 5L, 5L, 5L, 2L, 5L, 5L, 
5L, 5L, 5L, 5L, 5L, 2L, 6L, 6L, 6L, 6L, 6L, 3L, 3L, 3L, 3L, 3L, 
2L, 2L, 1L, 2L, 3L, 3L, 3L, 3L, 3L, 1L, 3L, 2L, 2L, 2L, 2L, 2L, 
2L, 2L, 2L, 2L, 2L, 2L, 2L, 2L, 3L, 2L, 7L, 7L, 7L, 7L, 7L, 7L, 
7L, 7L, 7L, 7L, 2L, 2L, 2L, 2L, 1L, 1L, 6L, 6L, 6L, 2L, 2L, 6L, 
6L, 5L, 2L, 2L, 2L, 4L, 2L, 5L, 5L, 5L, 5L, 5L, 6L, 6L, 6L, 6L, 
6L, 5L, 5L, 5L, 5L, 5L, 5L, 5L, 5L, 5L, 5L, 5L, 5L, 5L, 5L, 5L, 
5L, 5L, 5L, 5L, 5L, 5L, 5L, 5L, 5L, 5L, 5L, 5L, 5L, 5L, 5L, 5L, 
5L, 5L, 5L, 5L, 5L, 5L, 5L, 5L, 5L, 5L, 5L, 5L, 5L, 4L, 4L, 4L, 
1L, 4L, 4L, 4L, 4L, 4L, 2L, 2L, 5L, 3L, 1L), .Label = c("A", 
"B", "C", "D", "E", "F", "G"), class = "factor"), Priority = structure(c(3L, 
1L, 1L, 1L, 2L, 2L, 2L, 2L, 2L, 3L, 3L, 3L, 2L, 3L, 3L, 3L, 2L, 
3L, 2L, 2L, 3L, 3L, 3L, 3L, 2L, 1L, 3L, 3L, 3L, 3L, 3L, 3L, 3L, 
3L, 3L, 3L, 3L, 3L, 3L, 3L, 3L, 3L, 3L, 3L, 3L, 3L, 3L, 3L, 2L, 
2L, 3L, 3L, 3L, 3L, 3L, 3L, 3L, 3L, 2L, 3L, 3L, 2L, 1L, 2L, 2L, 
3L, 3L, 3L, 3L, 3L, 3L, 3L, 3L, 3L, 3L, 3L, 2L, 2L, 2L, 3L, 3L, 
3L, 3L, 3L, 3L, 2L, 3L, 2L, 3L, 2L, 3L, 2L, 1L, 2L, 2L, 3L, 2L, 
3L, 3L, 3L, 3L, 3L, 3L, 3L, 1L, 1L, 3L, 3L, 3L, 1L, 3L, 1L, 3L, 
3L, 1L, 3L, 3L, 3L, 3L, 3L, 3L, 3L, 3L, 3L, 3L, 1L, 1L, 1L, 1L, 
1L, 1L, 2L, 3L, 3L, 3L, 2L, 3L, 2L, 2L, 2L, 3L, 3L, 1L, 1L, 1L, 
1L, 1L, 1L, 1L, 1L, 1L, 1L, 2L, 2L, 2L, 2L, 3L, 3L, 3L, 3L, 3L, 
3L, 3L, 2L, 2L, 2L, 2L, 2L, 2L, 2L, 2L, 2L, 2L, 2L, 2L, 2L, 2L, 
2L, 2L, 2L, 2L, 2L, 2L, 2L, 2L, 2L, 2L, 2L, 2L, 2L, 2L, 2L, 2L, 
2L, 2L, 3L, 2L, 2L, 2L, 3L, 3L, 3L, 2L, 1L, 2L, 3L, 3L, 3L, 2L, 
2L, 3L, 3L, 2L, 2L, 3L, 3L, 3L, 3L, 1L, 2L, 2L, 2L, 2L, 2L, 2L, 
1L, 1L, 2L, 2L, 2L, 2L, 2L, 2L, 2L, 2L, 3L, 3L, 3L, 3L, 1L, 3L, 
3L, 2L, 2L, 2L, 2L, 2L, 2L, 2L, 2L, 2L, 2L, 2L, 2L, 2L, 2L, 2L, 
2L, 2L, 2L, 2L, 2L, 2L, 2L, 2L, 2L, 2L, 2L, 2L, 1L, 3L, 3L, 2L, 
2L, 2L, 3L, 2L, 3L, 3L, 3L, 2L, 1L, 3L, 3L, 2L, 3L, 3L, 3L, 3L, 
3L, 3L, 3L, 3L, 3L, 3L, 1L, 2L, 3L, 3L, 3L, 3L, 3L, 3L, 3L, 3L, 
3L, 3L, 3L, 3L, 2L, 2L, 1L, 2L, 3L, 3L, 1L, 2L, 2L, 2L, 2L, 2L, 
2L, 2L, 2L, 2L, 2L, 2L, 2L, 3L, 3L, 3L, 3L, 2L, 3L, 3L, 3L, 3L, 
1L, 2L, 3L, 3L, 3L, 3L, 3L, 3L, 2L, 2L, 2L, 2L, 2L, 2L, 2L, 2L, 
3L, 3L, 3L, 3L, 3L, 3L, 3L, 3L, 3L, 3L, 3L, 3L, 3L, 3L, 3L, 2L, 
2L, 2L, 2L, 2L, 2L, 2L, 3L, 1L, 1L, 1L, 1L, 1L, 3L, 3L, 3L, 2L, 
2L, 1L, 2L, 2L, 1L, 1L, 1L, 1L, 1L, 1L, 1L, 1L, 1L, 2L, 2L, 2L, 
2L, 2L, 2L, 2L, 2L, 2L, 2L, 3L, 2L, 3L, 1L, 1L, 1L, 2L, 2L, 2L, 
3L, 3L, 3L, 2L, 2L, 2L, 3L, 2L, 2L, 3L, 3L, 3L, 3L, 3L, 3L, 2L, 
2L, 2L, 2L, 2L, 2L, 2L, 2L, 2L, 2L, 2L, 1L, 1L, 2L, 2L, 2L, 2L, 
2L, 2L, 2L, 2L, 2L, 2L, 2L, 2L, 2L, 2L, 3L, 3L, 1L, 1L, 2L, 2L, 
2L, 2L, 2L, 2L, 3L, 2L, 3L, 3L, 3L, 3L, 3L, 3L, 3L, 2L, 2L, 3L, 
3L, 1L, 2L, 3L, 3L, 2L, 3L, 3L, 2L, 2L, 2L, 2L, 2L, 3L, 2L, 2L, 
2L, 2L, 2L, 2L, 2L, 2L, 2L, 2L, 3L, 3L, 3L, 3L, 3L, 1L, 3L, 3L, 
3L, 3L, 3L, 3L, 3L, 3L, 2L, 2L, 2L, 2L, 2L, 2L, 2L, 2L, 2L, 2L, 
2L, 2L, 2L, 2L, 2L, 2L, 2L, 2L, 2L, 2L, 2L, 2L, 2L, 2L, 2L, 2L, 
2L, 2L, 2L, 2L, 2L, 2L, 2L, 2L, 2L, 2L, 2L, 2L, 2L, 2L, 2L, 2L, 
2L, 2L, 3L, 2L, 2L, 3L, 3L, 3L, 1L, 2L, 2L, 2L, 2L, 3L, 3L, 3L, 
2L, 2L, 2L, 2L, 3L, 3L, 2L, 2L, 3L, 2L, 2L, 2L, 2L, 2L, 2L, 2L, 
3L, 3L, 3L, 3L, 3L, 3L, 3L, 3L, 3L, 3L, 3L, 3L, 3L, 2L, 2L, 2L, 
2L, 2L, 2L, 2L, 2L, 2L, 2L, 2L, 2L, 3L, 2L, 2L, 3L, 1L, 1L, 3L, 
3L, 3L, 1L, 1L, 1L, 3L, 2L, 3L, 3L, 2L, 1L, 2L, 1L, 1L, 3L, 2L, 
3L, 2L, 2L, 2L, 2L, 2L, 1L, 1L, 1L, 1L, 1L, 1L, 1L, 1L, 1L, 1L, 
1L, 1L, 1L, 1L, 1L, 1L, 1L, 1L, 1L, 1L, 1L, 1L, 1L, 1L, 1L, 1L, 
1L, 1L, 1L, 1L, 1L, 1L, 1L, 1L, 1L, 1L, 1L, 1L, 1L, 2L, 2L, 3L, 
3L, 3L, 2L, 3L, 3L, 3L, 2L, 2L, 3L, 2L, 2L, 3L, 3L, 3L, 1L, 1L
), .Label = c("A", "B", "C"), class = "factor"),